{
 "metadata": {
  "language_info": {
   "codemirror_mode": {
    "name": "ipython",
    "version": 3
   },
   "file_extension": ".py",
   "mimetype": "text/x-python",
   "name": "python",
   "nbconvert_exporter": "python",
   "pygments_lexer": "ipython3",
   "version": "3.9.0-final"
  },
  "orig_nbformat": 2,
  "kernelspec": {
   "name": "python3",
   "display_name": "Python 3.9.0 64-bit",
   "metadata": {
    "interpreter": {
     "hash": "9e15ae789f30a8ff8fc52b0008edda0ebcf56c4c59d45b8e01b3da38a8f6d72d"
    }
   }
  }
 },
 "nbformat": 4,
 "nbformat_minor": 2,
 "cells": [
  {
   "cell_type": "code",
   "execution_count": 9,
   "metadata": {},
   "outputs": [],
   "source": [
    "import pandas as pd\n",
    "import matplotlib.pyplot as plt\n",
    "import seaborn as sns\n",
    "import numpy as np\n",
    "\n"
   ]
  },
  {
   "cell_type": "code",
   "execution_count": 10,
   "metadata": {},
   "outputs": [
    {
     "output_type": "stream",
     "name": "stdout",
     "text": [
      "     target  age sex   num1   num2   num3  num4  num5  ord1  ord2  ord3  ord4  \\\n0        -1   69   1  160.0  286.0  108.0   1.5   2.0   0.0   0.0   0.0   1.0   \n1        -1   69   1  120.0  229.0  129.0   2.6   3.0   NaN   NaN   NaN   1.0   \n2        -1   64   0  140.0  268.0  160.0   3.6   2.0   0.0   0.0   0.0   0.0   \n3        -1   65   1  130.0  254.0  147.0   1.4   3.0   0.0   0.0   0.0   0.0   \n4        -1   53   M  140.0  203.0  155.0   3.1   3.0   0.0   1.0   0.0   1.0   \n..      ...  ...  ..    ...    ...    ...   ...   ...   ...   ...   ...   ...   \n298       1   56   M  120.0  240.0  169.0   0.0   2.0   1.0   NaN   1.0   NaN   \n299       1   55   M  132.0  342.0  166.0   1.2   2.0   1.0   NaN   1.0   NaN   \n300       1   41   M  120.0  157.0  182.0   0.0   2.0   1.0   NaN   1.0   NaN   \n301       1   38   M  138.0  175.0  173.0   0.0   2.0   2.0   NaN   1.0   NaN   \n302       1   38   M  138.0  175.0  173.0   0.0   2.0   2.0   NaN   1.0   NaN   \n\n     ord5  ord6  \n0       1     3  \n1       1     2  \n2       0     2  \n3       1     1  \n4       0     0  \n..    ...   ...  \n298     0     0  \n299     2     0  \n300     2     0  \n301     2     4  \n302     2     4  \n\n[303 rows x 14 columns]\n"
     ]
    }
   ],
   "source": [
    "df = pd.read_csv ('hw1_std.csv')\n",
    "print (df)"
   ]
  },
  {
   "cell_type": "code",
   "execution_count": 11,
   "metadata": {},
   "outputs": [
    {
     "output_type": "stream",
     "name": "stdout",
     "text": [
      "     target  age sex   num1   num2   num3  num4  num5  ord1  ord2  ord3  ord4  \\\n0        -1   69   1  160.0  286.0  108.0   1.5   2.0   0.0   0.0   0.0   1.0   \n1        -1   69   1  120.0  229.0  129.0   2.6   3.0   NaN   NaN   NaN   1.0   \n2        -1   64   0  140.0  268.0  160.0   3.6   2.0   0.0   0.0   0.0   0.0   \n3        -1   65   1  130.0  254.0  147.0   1.4   3.0   0.0   0.0   0.0   0.0   \n4        -1   53   1  140.0  203.0  155.0   3.1   3.0   0.0   1.0   0.0   1.0   \n..      ...  ...  ..    ...    ...    ...   ...   ...   ...   ...   ...   ...   \n298       1   56   1  120.0  240.0  169.0   0.0   2.0   1.0   NaN   1.0   NaN   \n299       1   55   1  132.0  342.0  166.0   1.2   2.0   1.0   NaN   1.0   NaN   \n300       1   41   1  120.0  157.0  182.0   0.0   2.0   1.0   NaN   1.0   NaN   \n301       1   38   1  138.0  175.0  173.0   0.0   2.0   2.0   NaN   1.0   NaN   \n302       1   38   1  138.0  175.0  173.0   0.0   2.0   2.0   NaN   1.0   NaN   \n\n     ord5  ord6  \n0       1     3  \n1       1     2  \n2       0     2  \n3       1     1  \n4       0     0  \n..    ...   ...  \n298     0     0  \n299     2     0  \n300     2     0  \n301     2     4  \n302     2     4  \n\n[303 rows x 14 columns]\n"
     ]
    }
   ],
   "source": [
    "df['sex'] = df['sex'].replace({'F': '0'}) \n",
    "df['sex'] = df['sex'].replace({'M': '1'}) \n",
    "\n",
    "print(df)"
   ]
  },
  {
   "cell_type": "code",
   "execution_count": 12,
   "metadata": {},
   "outputs": [
    {
     "output_type": "stream",
     "name": "stdout",
     "text": [
      "     target  age sex   num1   num2   num3  num4  num5  ord1  ord2  ord3  ord4  \\\n0        -1   69   1  160.0  286.0  108.0   1.5   2.0   0.0   0.0   0.0   1.0   \n1        -1   69   1  120.0  229.0  129.0   2.6   3.0   0.0   0.0   0.0   1.0   \n2        -1   64   0  140.0  268.0  160.0   3.6   2.0   0.0   0.0   0.0   0.0   \n3        -1   65   1  130.0  254.0  147.0   1.4   3.0   0.0   0.0   0.0   0.0   \n4        -1   53   1  140.0  203.0  155.0   3.1   3.0   0.0   1.0   0.0   1.0   \n..      ...  ...  ..    ...    ...    ...   ...   ...   ...   ...   ...   ...   \n298       1   56   1  120.0  240.0  169.0   0.0   2.0   1.0   0.0   1.0   0.0   \n299       1   55   1  132.0  342.0  166.0   1.2   2.0   1.0   0.0   1.0   0.0   \n300       1   41   1  120.0  157.0  182.0   0.0   2.0   1.0   0.0   1.0   0.0   \n301       1   38   1  138.0  175.0  173.0   0.0   2.0   2.0   0.0   1.0   0.0   \n302       1   38   1  138.0  175.0  173.0   0.0   2.0   2.0   0.0   1.0   0.0   \n\n     ord5  ord6  \n0       1     3  \n1       1     2  \n2       0     2  \n3       1     1  \n4       0     0  \n..    ...   ...  \n298     0     0  \n299     2     0  \n300     2     0  \n301     2     4  \n302     2     4  \n\n[303 rows x 14 columns]\n"
     ]
    }
   ],
   "source": [
    "df.fillna(value=0, inplace=True)\n",
    "\n",
    "print(df)"
   ]
  },
  {
   "cell_type": "code",
   "execution_count": 13,
   "metadata": {},
   "outputs": [
    {
     "output_type": "execute_result",
     "data": {
      "text/plain": [
       "     target  age sex   num1   num2   num3  num4  num5  ord1  ord2  ord3  ord4  \\\n",
       "0        -1   69   1  160.0  286.0  108.0   1.5   2.0   0.0   0.0   0.0   1.0   \n",
       "1        -1   69   1  120.0  229.0  129.0   2.6   3.0   0.0   0.0   0.0   1.0   \n",
       "2        -1   64   0  140.0  268.0  160.0   3.6   2.0   0.0   0.0   0.0   0.0   \n",
       "3        -1   65   1  130.0  254.0  147.0   1.4   3.0   0.0   0.0   0.0   0.0   \n",
       "4        -1   53   1  140.0  203.0  155.0   3.1   3.0   0.0   1.0   0.0   1.0   \n",
       "..      ...  ...  ..    ...    ...    ...   ...   ...   ...   ...   ...   ...   \n",
       "297       1   56   1  130.0  221.0  163.0   0.0   3.0   1.0   0.0   0.0   0.0   \n",
       "298       1   56   1  120.0  240.0  169.0   0.0   2.0   1.0   0.0   1.0   0.0   \n",
       "299       1   55   1  132.0  342.0  166.0   1.2   2.0   1.0   0.0   1.0   0.0   \n",
       "300       1   41   1  120.0  157.0  182.0   0.0   2.0   1.0   0.0   1.0   0.0   \n",
       "301       1   38   1  138.0  175.0  173.0   0.0   2.0   2.0   0.0   1.0   0.0   \n",
       "\n",
       "     ord5  ord6  \n",
       "0       1     3  \n",
       "1       1     2  \n",
       "2       0     2  \n",
       "3       1     1  \n",
       "4       0     0  \n",
       "..    ...   ...  \n",
       "297     2     0  \n",
       "298     0     0  \n",
       "299     2     0  \n",
       "300     2     0  \n",
       "301     2     4  \n",
       "\n",
       "[302 rows x 14 columns]"
      ],
      "text/html": "<div>\n<style scoped>\n    .dataframe tbody tr th:only-of-type {\n        vertical-align: middle;\n    }\n\n    .dataframe tbody tr th {\n        vertical-align: top;\n    }\n\n    .dataframe thead th {\n        text-align: right;\n    }\n</style>\n<table border=\"1\" class=\"dataframe\">\n  <thead>\n    <tr style=\"text-align: right;\">\n      <th></th>\n      <th>target</th>\n      <th>age</th>\n      <th>sex</th>\n      <th>num1</th>\n      <th>num2</th>\n      <th>num3</th>\n      <th>num4</th>\n      <th>num5</th>\n      <th>ord1</th>\n      <th>ord2</th>\n      <th>ord3</th>\n      <th>ord4</th>\n      <th>ord5</th>\n      <th>ord6</th>\n    </tr>\n  </thead>\n  <tbody>\n    <tr>\n      <th>0</th>\n      <td>-1</td>\n      <td>69</td>\n      <td>1</td>\n      <td>160.0</td>\n      <td>286.0</td>\n      <td>108.0</td>\n      <td>1.5</td>\n      <td>2.0</td>\n      <td>0.0</td>\n      <td>0.0</td>\n      <td>0.0</td>\n      <td>1.0</td>\n      <td>1</td>\n      <td>3</td>\n    </tr>\n    <tr>\n      <th>1</th>\n      <td>-1</td>\n      <td>69</td>\n      <td>1</td>\n      <td>120.0</td>\n      <td>229.0</td>\n      <td>129.0</td>\n      <td>2.6</td>\n      <td>3.0</td>\n      <td>0.0</td>\n      <td>0.0</td>\n      <td>0.0</td>\n      <td>1.0</td>\n      <td>1</td>\n      <td>2</td>\n    </tr>\n    <tr>\n      <th>2</th>\n      <td>-1</td>\n      <td>64</td>\n      <td>0</td>\n      <td>140.0</td>\n      <td>268.0</td>\n      <td>160.0</td>\n      <td>3.6</td>\n      <td>2.0</td>\n      <td>0.0</td>\n      <td>0.0</td>\n      <td>0.0</td>\n      <td>0.0</td>\n      <td>0</td>\n      <td>2</td>\n    </tr>\n    <tr>\n      <th>3</th>\n      <td>-1</td>\n      <td>65</td>\n      <td>1</td>\n      <td>130.0</td>\n      <td>254.0</td>\n      <td>147.0</td>\n      <td>1.4</td>\n      <td>3.0</td>\n      <td>0.0</td>\n      <td>0.0</td>\n      <td>0.0</td>\n      <td>0.0</td>\n      <td>1</td>\n      <td>1</td>\n    </tr>\n    <tr>\n      <th>4</th>\n      <td>-1</td>\n      <td>53</td>\n      <td>1</td>\n      <td>140.0</td>\n      <td>203.0</td>\n      <td>155.0</td>\n      <td>3.1</td>\n      <td>3.0</td>\n      <td>0.0</td>\n      <td>1.0</td>\n      <td>0.0</td>\n      <td>1.0</td>\n      <td>0</td>\n      <td>0</td>\n    </tr>\n    <tr>\n      <th>...</th>\n      <td>...</td>\n      <td>...</td>\n      <td>...</td>\n      <td>...</td>\n      <td>...</td>\n      <td>...</td>\n      <td>...</td>\n      <td>...</td>\n      <td>...</td>\n      <td>...</td>\n      <td>...</td>\n      <td>...</td>\n      <td>...</td>\n      <td>...</td>\n    </tr>\n    <tr>\n      <th>297</th>\n      <td>1</td>\n      <td>56</td>\n      <td>1</td>\n      <td>130.0</td>\n      <td>221.0</td>\n      <td>163.0</td>\n      <td>0.0</td>\n      <td>3.0</td>\n      <td>1.0</td>\n      <td>0.0</td>\n      <td>0.0</td>\n      <td>0.0</td>\n      <td>2</td>\n      <td>0</td>\n    </tr>\n    <tr>\n      <th>298</th>\n      <td>1</td>\n      <td>56</td>\n      <td>1</td>\n      <td>120.0</td>\n      <td>240.0</td>\n      <td>169.0</td>\n      <td>0.0</td>\n      <td>2.0</td>\n      <td>1.0</td>\n      <td>0.0</td>\n      <td>1.0</td>\n      <td>0.0</td>\n      <td>0</td>\n      <td>0</td>\n    </tr>\n    <tr>\n      <th>299</th>\n      <td>1</td>\n      <td>55</td>\n      <td>1</td>\n      <td>132.0</td>\n      <td>342.0</td>\n      <td>166.0</td>\n      <td>1.2</td>\n      <td>2.0</td>\n      <td>1.0</td>\n      <td>0.0</td>\n      <td>1.0</td>\n      <td>0.0</td>\n      <td>2</td>\n      <td>0</td>\n    </tr>\n    <tr>\n      <th>300</th>\n      <td>1</td>\n      <td>41</td>\n      <td>1</td>\n      <td>120.0</td>\n      <td>157.0</td>\n      <td>182.0</td>\n      <td>0.0</td>\n      <td>2.0</td>\n      <td>1.0</td>\n      <td>0.0</td>\n      <td>1.0</td>\n      <td>0.0</td>\n      <td>2</td>\n      <td>0</td>\n    </tr>\n    <tr>\n      <th>301</th>\n      <td>1</td>\n      <td>38</td>\n      <td>1</td>\n      <td>138.0</td>\n      <td>175.0</td>\n      <td>173.0</td>\n      <td>0.0</td>\n      <td>2.0</td>\n      <td>2.0</td>\n      <td>0.0</td>\n      <td>1.0</td>\n      <td>0.0</td>\n      <td>2</td>\n      <td>4</td>\n    </tr>\n  </tbody>\n</table>\n<p>302 rows × 14 columns</p>\n</div>"
     },
     "metadata": {},
     "execution_count": 13
    }
   ],
   "source": [
    "df[df.duplicated(keep=False)==True]\n",
    "df.drop_duplicates(keep='first')"
   ]
  },
  {
   "cell_type": "code",
   "execution_count": 15,
   "metadata": {},
   "outputs": [
    {
     "output_type": "execute_result",
     "data": {
      "text/plain": [
       "target     8.910891e-02\n",
       "age        5.495380e+01\n",
       "sex       3.634030e+299\n",
       "num1       1.303564e+02\n",
       "num2       2.444191e+02\n",
       "num3       1.483531e+02\n",
       "num4       1.030363e+00\n",
       "num5       2.303630e+00\n",
       "ord1       9.669967e-01\n",
       "ord2       1.485149e-01\n",
       "ord3       5.280528e-01\n",
       "ord4       3.267327e-01\n",
       "ord5       1.399340e+00\n",
       "ord6       7.293729e-01\n",
       "dtype: float64"
      ]
     },
     "metadata": {},
     "execution_count": 15
    }
   ],
   "source": [
    "df.mean()"
   ]
  },
  {
   "cell_type": "code",
   "execution_count": 17,
   "metadata": {},
   "outputs": [
    {
     "output_type": "execute_result",
     "data": {
      "text/plain": [
       "target     0.997670\n",
       "age        9.796498\n",
       "num1      21.714242\n",
       "num2      56.980064\n",
       "num3      27.079672\n",
       "num4       1.163292\n",
       "num5       0.635761\n",
       "ord1       1.032052\n",
       "ord2       0.356198\n",
       "ord3       0.525860\n",
       "ord4       0.469794\n",
       "ord5       0.616226\n",
       "ord6       1.022606\n",
       "dtype: float64"
      ]
     },
     "metadata": {},
     "execution_count": 17
    }
   ],
   "source": [
    "df.std()"
   ]
  },
  {
   "cell_type": "code",
   "execution_count": 18,
   "metadata": {},
   "outputs": [
    {
     "output_type": "execute_result",
     "data": {
      "text/plain": [
       "target    303\n",
       "age       303\n",
       "sex       303\n",
       "num1      303\n",
       "num2      303\n",
       "num3      303\n",
       "num4      303\n",
       "num5      303\n",
       "ord1      303\n",
       "ord2      303\n",
       "ord3      303\n",
       "ord4      303\n",
       "ord5      303\n",
       "ord6      303\n",
       "dtype: int64"
      ]
     },
     "metadata": {},
     "execution_count": 18
    }
   ],
   "source": [
    "df.count()"
   ]
  },
  {
   "cell_type": "code",
   "execution_count": 19,
   "metadata": {},
   "outputs": [
    {
     "output_type": "execute_result",
     "data": {
      "text/plain": [
       "          target       age      num1      num2      num3      num4      num5  \\\n",
       "target  1.000000 -0.224536 -0.086761 -0.066655  0.373755 -0.431446 -0.335146   \n",
       "age    -0.224536  1.000000  0.217006  0.189805 -0.331793  0.206420  0.052235   \n",
       "num1   -0.086761  0.217006  1.000000  0.348593  0.309262  0.208484  0.184021   \n",
       "num2   -0.066655  0.189805  0.348593  1.000000  0.219966  0.084437  0.169964   \n",
       "num3    0.373755 -0.331793  0.309262  0.219966  1.000000 -0.240780  0.017601   \n",
       "num4   -0.431446  0.206420  0.208484  0.084437 -0.240780  1.000000  0.224339   \n",
       "num5   -0.335146  0.052235  0.184021  0.169964  0.017601  0.224339  1.000000   \n",
       "ord1    0.433798 -0.066963  0.044558 -0.075160  0.243896 -0.156372 -0.171401   \n",
       "ord2   -0.028046  0.115844  0.097593 -0.003077 -0.018157  0.001068 -0.038944   \n",
       "ord3    0.137230 -0.114160 -0.033357 -0.104770  0.085455 -0.050655  0.004151   \n",
       "ord4   -0.436757  0.093945  0.059632  0.057458 -0.324560  0.282311  0.187811   \n",
       "ord5    0.345877 -0.166971 -0.087386  0.001158  0.326870 -0.571271 -0.090768   \n",
       "ord6   -0.391724  0.279369  0.074744  0.067305 -0.167650  0.222376  0.147182   \n",
       "\n",
       "            ord1      ord2      ord3      ord4      ord5      ord6  \n",
       "target  0.433798 -0.028046  0.137230 -0.436757  0.345877 -0.391724  \n",
       "age    -0.066963  0.115844 -0.114160  0.093945 -0.166971  0.279369  \n",
       "num1    0.044558  0.097593 -0.033357  0.059632 -0.087386  0.074744  \n",
       "num2   -0.075160 -0.003077 -0.104770  0.057458  0.001158  0.067305  \n",
       "num3    0.243896 -0.018157  0.085455 -0.324560  0.326870 -0.167650  \n",
       "num4   -0.156372  0.001068 -0.050655  0.282311 -0.571271  0.222376  \n",
       "num5   -0.171401 -0.038944  0.004151  0.187811 -0.090768  0.147182  \n",
       "ord1    1.000000  0.094444  0.044421 -0.394280  0.119717 -0.181053  \n",
       "ord2    0.094444  1.000000 -0.084189  0.025665 -0.059894  0.137979  \n",
       "ord3    0.044421 -0.084189  1.000000 -0.070733  0.093045 -0.072042  \n",
       "ord4   -0.394280  0.025665 -0.070733  1.000000 -0.257748  0.115739  \n",
       "ord5    0.119717 -0.059894  0.093045 -0.257748  1.000000 -0.080155  \n",
       "ord6   -0.181053  0.137979 -0.072042  0.115739 -0.080155  1.000000  "
      ],
      "text/html": "<div>\n<style scoped>\n    .dataframe tbody tr th:only-of-type {\n        vertical-align: middle;\n    }\n\n    .dataframe tbody tr th {\n        vertical-align: top;\n    }\n\n    .dataframe thead th {\n        text-align: right;\n    }\n</style>\n<table border=\"1\" class=\"dataframe\">\n  <thead>\n    <tr style=\"text-align: right;\">\n      <th></th>\n      <th>target</th>\n      <th>age</th>\n      <th>num1</th>\n      <th>num2</th>\n      <th>num3</th>\n      <th>num4</th>\n      <th>num5</th>\n      <th>ord1</th>\n      <th>ord2</th>\n      <th>ord3</th>\n      <th>ord4</th>\n      <th>ord5</th>\n      <th>ord6</th>\n    </tr>\n  </thead>\n  <tbody>\n    <tr>\n      <th>target</th>\n      <td>1.000000</td>\n      <td>-0.224536</td>\n      <td>-0.086761</td>\n      <td>-0.066655</td>\n      <td>0.373755</td>\n      <td>-0.431446</td>\n      <td>-0.335146</td>\n      <td>0.433798</td>\n      <td>-0.028046</td>\n      <td>0.137230</td>\n      <td>-0.436757</td>\n      <td>0.345877</td>\n      <td>-0.391724</td>\n    </tr>\n    <tr>\n      <th>age</th>\n      <td>-0.224536</td>\n      <td>1.000000</td>\n      <td>0.217006</td>\n      <td>0.189805</td>\n      <td>-0.331793</td>\n      <td>0.206420</td>\n      <td>0.052235</td>\n      <td>-0.066963</td>\n      <td>0.115844</td>\n      <td>-0.114160</td>\n      <td>0.093945</td>\n      <td>-0.166971</td>\n      <td>0.279369</td>\n    </tr>\n    <tr>\n      <th>num1</th>\n      <td>-0.086761</td>\n      <td>0.217006</td>\n      <td>1.000000</td>\n      <td>0.348593</td>\n      <td>0.309262</td>\n      <td>0.208484</td>\n      <td>0.184021</td>\n      <td>0.044558</td>\n      <td>0.097593</td>\n      <td>-0.033357</td>\n      <td>0.059632</td>\n      <td>-0.087386</td>\n      <td>0.074744</td>\n    </tr>\n    <tr>\n      <th>num2</th>\n      <td>-0.066655</td>\n      <td>0.189805</td>\n      <td>0.348593</td>\n      <td>1.000000</td>\n      <td>0.219966</td>\n      <td>0.084437</td>\n      <td>0.169964</td>\n      <td>-0.075160</td>\n      <td>-0.003077</td>\n      <td>-0.104770</td>\n      <td>0.057458</td>\n      <td>0.001158</td>\n      <td>0.067305</td>\n    </tr>\n    <tr>\n      <th>num3</th>\n      <td>0.373755</td>\n      <td>-0.331793</td>\n      <td>0.309262</td>\n      <td>0.219966</td>\n      <td>1.000000</td>\n      <td>-0.240780</td>\n      <td>0.017601</td>\n      <td>0.243896</td>\n      <td>-0.018157</td>\n      <td>0.085455</td>\n      <td>-0.324560</td>\n      <td>0.326870</td>\n      <td>-0.167650</td>\n    </tr>\n    <tr>\n      <th>num4</th>\n      <td>-0.431446</td>\n      <td>0.206420</td>\n      <td>0.208484</td>\n      <td>0.084437</td>\n      <td>-0.240780</td>\n      <td>1.000000</td>\n      <td>0.224339</td>\n      <td>-0.156372</td>\n      <td>0.001068</td>\n      <td>-0.050655</td>\n      <td>0.282311</td>\n      <td>-0.571271</td>\n      <td>0.222376</td>\n    </tr>\n    <tr>\n      <th>num5</th>\n      <td>-0.335146</td>\n      <td>0.052235</td>\n      <td>0.184021</td>\n      <td>0.169964</td>\n      <td>0.017601</td>\n      <td>0.224339</td>\n      <td>1.000000</td>\n      <td>-0.171401</td>\n      <td>-0.038944</td>\n      <td>0.004151</td>\n      <td>0.187811</td>\n      <td>-0.090768</td>\n      <td>0.147182</td>\n    </tr>\n    <tr>\n      <th>ord1</th>\n      <td>0.433798</td>\n      <td>-0.066963</td>\n      <td>0.044558</td>\n      <td>-0.075160</td>\n      <td>0.243896</td>\n      <td>-0.156372</td>\n      <td>-0.171401</td>\n      <td>1.000000</td>\n      <td>0.094444</td>\n      <td>0.044421</td>\n      <td>-0.394280</td>\n      <td>0.119717</td>\n      <td>-0.181053</td>\n    </tr>\n    <tr>\n      <th>ord2</th>\n      <td>-0.028046</td>\n      <td>0.115844</td>\n      <td>0.097593</td>\n      <td>-0.003077</td>\n      <td>-0.018157</td>\n      <td>0.001068</td>\n      <td>-0.038944</td>\n      <td>0.094444</td>\n      <td>1.000000</td>\n      <td>-0.084189</td>\n      <td>0.025665</td>\n      <td>-0.059894</td>\n      <td>0.137979</td>\n    </tr>\n    <tr>\n      <th>ord3</th>\n      <td>0.137230</td>\n      <td>-0.114160</td>\n      <td>-0.033357</td>\n      <td>-0.104770</td>\n      <td>0.085455</td>\n      <td>-0.050655</td>\n      <td>0.004151</td>\n      <td>0.044421</td>\n      <td>-0.084189</td>\n      <td>1.000000</td>\n      <td>-0.070733</td>\n      <td>0.093045</td>\n      <td>-0.072042</td>\n    </tr>\n    <tr>\n      <th>ord4</th>\n      <td>-0.436757</td>\n      <td>0.093945</td>\n      <td>0.059632</td>\n      <td>0.057458</td>\n      <td>-0.324560</td>\n      <td>0.282311</td>\n      <td>0.187811</td>\n      <td>-0.394280</td>\n      <td>0.025665</td>\n      <td>-0.070733</td>\n      <td>1.000000</td>\n      <td>-0.257748</td>\n      <td>0.115739</td>\n    </tr>\n    <tr>\n      <th>ord5</th>\n      <td>0.345877</td>\n      <td>-0.166971</td>\n      <td>-0.087386</td>\n      <td>0.001158</td>\n      <td>0.326870</td>\n      <td>-0.571271</td>\n      <td>-0.090768</td>\n      <td>0.119717</td>\n      <td>-0.059894</td>\n      <td>0.093045</td>\n      <td>-0.257748</td>\n      <td>1.000000</td>\n      <td>-0.080155</td>\n    </tr>\n    <tr>\n      <th>ord6</th>\n      <td>-0.391724</td>\n      <td>0.279369</td>\n      <td>0.074744</td>\n      <td>0.067305</td>\n      <td>-0.167650</td>\n      <td>0.222376</td>\n      <td>0.147182</td>\n      <td>-0.181053</td>\n      <td>0.137979</td>\n      <td>-0.072042</td>\n      <td>0.115739</td>\n      <td>-0.080155</td>\n      <td>1.000000</td>\n    </tr>\n  </tbody>\n</table>\n</div>"
     },
     "metadata": {},
     "execution_count": 19
    }
   ],
   "source": [
    "df.corr()"
   ]
  },
  {
   "cell_type": "code",
   "execution_count": 23,
   "metadata": {},
   "outputs": [
    {
     "output_type": "execute_result",
     "data": {
      "text/plain": [
       "Text(0.5, 1.0, 'target & ord1')"
      ]
     },
     "metadata": {},
     "execution_count": 23
    },
    {
     "output_type": "display_data",
     "data": {
      "text/plain": "<Figure size 432x288 with 1 Axes>",
